19 20
0.00 -6.7 31 -83 90 90
0.10 -4.9 10 54 90 90
0.20 -1.9 26 37 90 90
0.35 -6.3 -27 96 90 90
0.40 -3 -3 3 90 90
0.55 -7.5 29 -86 90 90
0.55 -6.4 -33 84 90 90
2.00 -10.8 37 -112 90 90
2.05 -5.2 -29 -78 90 90
2.50 -4.9 27 65 90 90
3.30 -9.2 -35 -88 90 90
4.40 -15.5 -48 -130 90 90
4.40 -16.7 -50 153 90 90
5.15 -12.4 -44 106 90 90
5.30 -16.9 46 147 90 90
5.80 -12.7 -45 118 90 90
5.90 -23.5 -59 -178 90 90
6.25 -22.1 60 -163 90 90
7.30 -23.6 56 163  90 90
0.0447,-0.0447,0.1413,-0.1413,0.2492,-0.2492,0.3715,-0.3715,0.5129,-0.5129,0.6796,-0.6797,0.8844,-0.8844,1.1481,-1.1481,1.5195,-1.5195,2.1551,-2.1551
10 22 0 0 8 0