19 20
0.00 -2.4 -34 50 90 90
0.15 -1.9 34 50 90 90
0.20 -8.1 60 -83 90 90
0.25 -1.8 24 -30 90 90
0.30 0 -1 -3 90 90
0.40 -2.3 -31 44 90 90
0.55 -3.7 55 -63 90 90
0.60 -8.4 69 -105 90 90
0.60 -3.2 34 -61 90 90
0.70 -9.7 -73 110 90 90
0.75 -6.2 -55 -85 90 90
0.75 -8.9 56 -85 90 90
0.90 -4 -47 58 90 90
1.50 -14.1 -4 121 90 90
1.60 -12.1 87 -109 90 90
1.70 -10.6 71 108 90 90
1.95 -19.6 -99 139 90 90
2.05 -16.8 -99 -137 90 90
2.25 -13.5 86 124 90 90
0.0447,-0.0447,0.1413,-0.1413,0.2492,-0.2492,0.3715,-0.3715,0.5129,-0.5129,0.6796,-0.6797,0.8844,-0.8844,1.1481,-1.1481,1.5195,-1.5195,2.1551,-2.1551
5 11 0 0 10 0
