15 20
0.00 0 0 0 90 90 
0.85 -21.6 -29 -144 90 90 
1.35 -26.3 -32 -159 90 90
1.35 -25.1 -31 155 90 90
1.70 -25.4 31 156 90 90
1.90 -22.0 29 -146 90 90
2.75 -29.2 -33 168 90 90
2.90 -24.3 35 -176 90 90
4.10 -32.2 35 -176 90 90
4.45 -26.5 -32 -159 90 90
5.00 -32.1 35 -176 90 90
6.20 -28.5 33 -165 90 90
6.55 -30.5 34 -171 90 90
9.60 -32.6 35 177 90 90
0.0447,-0.0447,0.1413,-0.1413,0.2492,-0.2492,0.3715,-0.3715,0.5129,-0.5129,0.6796,-0.6797,0.8844,-0.8844,1.1481,-1.1481,1.5195,-1.5195,2.1551,-2.1551
5 5 0 0 8 1