15 20
0.00  0 0 0 90 90
0.10 -15.7 79 85 90 90
0.25 -10.5 -84 73 90 90
0.25 -16.7 -97 -82 90 90
0.30 -17.6 -102 -72 90 90
0.35 -14.1 80 -64 90 90
0.40 -12.9 69 -73 90 90
0.50 -19.5 104 -83 90 90
0.55 -21.8 -98 -96 90 90
0.60 -20.8 98 -91 90 90
0.65 -24.1 -113 -93 90 90
0.85 -13.9 79 -74 90 90
0.90 -20.1 -109 87 90 90
1.00 -18 89 -77 -31 90 90
1.30 -21 95 -97 90 90
0.0447 -0.0447 0.1413 -0.1413 0.2492 -0.2492 0.3715 -0.3715 0.5129 -0.5129 0.6796 -0.6797 0.8844 -0.8844 1.1481 -1.1481 1.5195 -1.5195 2.1551 -2.1551
5 8 0 0 11 1