20 20
0.00 -3.5 6 29 90 90
0.05 -9.2 44 -98 90 90
0.20 -3.0 2 8 90 90
0.45 -7.8 -34 -114 90 90
2.65 -3.7 26 70 90 90
2.90 -8.6 -41 107 90 90
3.25 -2.5 -17 59 90 90
3.40 -7.3 -33 -103 90 90
3.55 -3.8 24 73 90 90
4.40 -6.9 -34 -111 90 90
5.55 -8.9 -38 -112 90 90
6.45 -9.0 44 122 90 90
9.70 -9.8 53 129 90 90
10.15 -15.0 54 153 90 90
12.20 -13.4 53 -145 90 90
13.95 -14.9 52 -157 90 90
15.40 -16.7 57 -178 90 90
17.50 -11.2 53 -114  90 90
18.70 -18.2 -54 -160 90 90
18.85 -17.8 -60 -175 90 90
0.0447,-0.0447,0.1413,-0.1413,0.2492,-0.2492,0.3715,-0.3715,0.5129,-0.5129,0.6796,-0.6797,0.8844,-0.8844,1.1481,-1.1481,1.5195,-1.5195,2.1551,-2.1551
2 15 0 0 7 0