24 20
0.0000 -4.4 -46.6 -101 97.2 87.6
0.2099 -1.2 -22.8 120 98.6 72.1
0.2219 -3.5 -22.8 120 98.6 72.1
0.2329 -5.2 -22.8 120 98.6 72.1
0.2176 -2.5 -40.7 -127.5 100.6 70.1
0.6366 0 0.3 170.4 99.2 75.3
0.6448 -2.2 0.3 170.4 99.2 75.3
0.6560 -3.9 0.3 170.4 99.2 75.3
0.6584 -7.4 73.1 55.4 105.2 67.4
0.7935 -7.1 -64.5 66.5 95.3 63.8 
0.8213 -10.7 80.2 -48.1 106.1 71.4
0.9336 -11.1 -97.1 46.9 93.5 60.5
1.2285 -5.1 -55.3 68.1 103.7 90.6
1.3083 -6.8 -64.3 -68.7 104.2 60.1
2.1704 -8.7 -78.5 81.5 93.0 61.0 
2.7105 -13.2 102.7 30.7 104.2 100.7
4.2589 -13.9 99.2 -16.4 94.9 62.3
4.6003 -13.9 88.8 3.8 93.1 66.7
5.4902 -15.8 -101.9 -13.7 92.2 52.9
5.6077 -17.1 92.2 9.7 106.7 61.8
6.3065 -16 93.3 5.6 93.0 51.9
6.6374 -15.7 106.6 0.7 92.9 61.7
7.0427 -21.6 119.5 -21.9 105.2 58 
8.6523 -22.8 -123.8 33.6 107.8 57
0.0447 -0.0447 0.1413 -0.1413 0.2492 -0.2492 0.3715 -0.3715 0.5129 -0.5129 0.6796 -0.6797 0.8844 -0.8844 1.1481 -1.1481 1.5195 -1.5195 2.1551 -2.1551
2 15 3 7 7 0