23 20
0.0000 -13.4 -178.1 51.3 50.2 125.4
0.3819 0.0 -4.2 -152.7 93.2 91.3
0.4025 -2.2 -4.2 -152.7 93.2 91.3
0.5868 -4.0 -4.2 -152.7 93.2 91.3 
0.4610 -6.0 90.2 76.6 122.0 94.0
0.5375 -8.2 90.2 76.6 122.0 94.0
0.6708 -9.9 90.2 76.6 122.0 94.0
0.5750 -10.5 121.5 -1.8 150.2 47.1
0.7618 -7.5 -81.7 -41.9 55.2 56.0
1.5375 -15.9 158.4 94.2 26.4 30.1
1.8978 -6.6 -83.0 51.9 126.4 58.8
2.2242 -16.7 134.8 -115.9 171.6 26.0
2.1718 -12.4 -153.0 26.6 151.4 49.2
2.4942 -15.2 -172.0 76.6 157.2 143.1
2.5119 -10.8 -129.9 -7.0 47.2 117.4
3.0582 -11.3 -136.0 -23.0 40.4 122.7
4.0810 -12.7 165.4 -47.2 43.3 123.2
4.4579 -16.2 148.4 110.4 161.8 32.6 
4.5695 -18.3 132.7 144.5 10.8 27.2
4.7966 -18.9 -118.6 155.3 16.7 15.2 
5.0066 -16.6 -154.1 102.0 171.7 146.0
5.3043 -19.9 126.5 -151.8 22.7 150.7
9.6586 -29.7 -56.2 55.2 144.9 156.1 
0.0447 -0.0447 0.1413 -0.1413 0.2492 -0.2492 0.3715 -0.3715 0.5129 -0.5129 0.6796 -0.6797 0.8844 -0.8844 1.1481 -1.1481 1.5195 -1.5195 2.1551 -2.1551
5 11 3 3 10 0