14 20
0.000 -0.2 0.0 -180.0 98.5 81.5
0.000 -13.5 0 -180 98.5 81.5
0.035 -18.8 89.2 89.2 85.5 86.9
0.612 -21 89.2 89.2 85.5 86.9
1.363 -22.8 89.2 89.2 85.5 86.9
1.405 -17.9 13 163 97.5 79.4
1.804 -20.1 13 163 97.5 79.4
2.596 -21.9 13 163 97.5 79.4
1.775 -22.9 34.6 -137 98.5 78.2
4.042 -27.8 -64.5 74.5 88.4 73.6
7.937 -23.6 -32.9 127.7 91.3 78.3
9.424 -24.8 52.6 -119.6 103.8 87
9.708 -30.0 -132.1 -9.1 80.3 70.6
12.525 -27.7 77.2 -83.8 86.5 72.9
0.0447 -0.0447 0.1413 -0.1413 0.2492 -0.2492 0.3715 -0.3715 0.5129 -0.5129 0.6796 -0.6797 0.8844 -0.8844 1.1481 -1.1481 1.5195 -1.5195 2.1551 -2.1551
5 8 3 3 11 1