15 20
0.0000 -0.03 0 -180 99.6 80.4
0.0000 -22.03 0 -180 99.6 80.4
0.5133  -15.8 57.5 18.2 104.2 80.4
0.5440 -18.1 57.5 18.2 104.2 80.4
0.5630 -19.8 57.5 18.2 104.2 80.4 
0.5440 -22.9 -20.1 101.8 99.4 80.8
0.7112 -22.4 16.2 112.9 100.8 86.3
1.9092 -18.6 9.3 -155.5 98.8 82.7
1.9293 -20.8 9.3 -155.5 98.8 82.7
1.9589 -22.6 9.3 -155.5 98.8 82.7
2.6426 -22.3 19 -143.3 100.8 82.9
3.7136 -25.6 32.7 -94.7 96.4 88
5.4524 -20.2 0.5 147 98.9 81
12.0034 -29.8 55.9 -36.2 95.6 88.6
20.6419 -29.2 57.6 -26 104.6 78.3
0.0447 -0.0447 0.1413 -0.1413 0.2492 -0.2492 0.3715 -0.3715 0.5129 -0.5129 0.6796 -0.6797 0.8844 -0.8844 1.1481 -1.1481 1.5195 -1.5195 2.1551 -2.1551
5 11 3 7 8 1